Name: C3H8
Energy (Hartree): -3243.945650
Dipole Moment: 0.0000 D
Vibrational Frequencies (cm^-1): []
Charges: -0.22376509, -0.11887574, -0.22376497, 0.06707209, 0.07021245, 0.07021326, 0.07570478, 0.07570538, 0.07021223, 0.06707232, 0.07021317
Forces:
[[-0.0009456   0.00863679  0.00658538]
 [-0.00443603  0.00516595  0.00318855]
 [-0.01072604  0.0046812   0.00205048]
 [ 0.01434652  0.00019439  0.00144826]
 [-0.01161883  0.00759577 -0.00023796]
 [-0.00770824  0.00123655  0.00743098]
 [ 0.01605665 -0.03462145  0.00807501]
 [ 0.01488467  0.0019162  -0.03459306]
 [-0.00076929  0.01281043  0.00358451]
 [-0.00561119 -0.01213788 -0.0075307 ]
 [-0.00347524  0.00452284  0.01000462]]

